M3^-1:
[[ 1.    0.    0.    0.  ]
 [ 0.    1.    0.    0.  ]
 [ 1.28  0.16  2.1   8.1 ]
 [ 0.    0.    0.    1.  ]]
M3:
[[ 1.          0.          0.          0.        ]
 [ 0.          1.          0.          0.        ]
 [-0.60952381 -0.07619048  0.47619048 -3.85714286]
 [ 0.          0.          0.          1.        ]]
M2^-1:
[[  1.           0.           0.           0.        ]
 [ -0.73528571   2.46851429  14.97428571 -49.60771429]
 [  0.           0.           1.           0.        ]
 [  0.           0.           0.           1.        ]]
M2:
[[  1.           0.           0.           0.        ]
 [  0.29786569   0.40510197  -6.06611264  20.09618278]
 [  0.           0.           1.           0.        ]
 [  0.           0.           0.           1.        ]]
M1^-1:
[[   0.3173714    19.29793352 -113.01569875  203.12210164]
 [   0.            1.            0.            0.        ]
 [   0.            0.            1.            0.        ]
 [   0.            0.            0.            1.        ]]
M1:
[[   3.15088251  -60.80552127  356.09918898 -640.01387824]
 [   0.            1.            0.            0.        ]
 [   0.            0.            1.            0.        ]
 [   0.            0.            0.            1.        ]]
