A:
[[  0.00000000e+00  -6.48412000e-01   5.15590000e-02   9.13927000e-01]
 [  0.00000000e+00   7.89442000e-01   4.85454300e+00  -3.74400000e-03]
 [  0.00000000e+00   6.02788300e+00  -7.32079000e-01  -1.25236000e-01]
 [  1.03900000e+01   2.45000000e+00   3.35000000e+00   2.28000000e+00]]
A:
[[  0.         0.        -0.02719    0.900455]
 [  0.        -0.         4.95042    0.012658]
 [  0.         6.027883  -0.732079  -0.125236]
 [ 10.39       0.         3.647549   2.330901]]
A:
[[  0.        -0.         0.         0.900525]
 [  0.        -0.         4.95042    0.012658]
 [  0.         6.027883  -0.        -0.123364]
 [ 10.39       0.         0.         2.321575]]
A:
[[  0.        -0.         0.         0.900525]
 [  0.        -0.         4.95042    0.      ]
 [  0.         6.027883  -0.        -0.      ]
 [ 10.39       0.         0.         0.      ]]
